{
  "metadata": {
	"version": 4.3,
	"type": "Object",
	"generator": "ObjectExporter"
  },
  "geometries": [
	{
	  "uuid": "99E80E2E-C138-46E1-94BC-1743CCCE7FA5",
	  "type": "PlaneGeometry",
	  "width": 100,
	  "height": 75,
	  "widthSegments": 1,
	  "heightSegments": 1
	},
	{
	  "uuid": "CAE75E4C-41E9-48FB-93F9-83FC3F814B72",
	  "type": "SphereGeometry",
	  "radius": -2,
	  "widthSegments": 32,
	  "heightSegments": 16,
	  "phiStart": 0,
	  "phiLength": 6.28,
	  "thetaStart": 0,
	  "thetaLength": 3.14
	},
	{
	  "uuid": "D6B35126-3B31-443E-A497-5A1B88FA6B5E",
	  "type": "SphereGeometry",
	  "radius": 2,
	  "widthSegments": 32,
	  "heightSegments": 16,
	  "phiStart": 0,
	  "phiLength": 6.28,
	  "thetaStart": 0,
	  "thetaLength": 3.14
	},
	{
	  "uuid": "77C8DC86-CCF6-4C17-B38E-7DDAD6944834",
	  "type": "BoxGeometry",
	  "width": 10,
	  "height": 10,
	  "depth": 10,
	  "widthSegments": 1,
	  "heightSegments": 1,
	  "depthSegments": 1
	},
	{
	  "uuid": "B9DB7F0C-89A7-4EA3-847C-19B5BA31118C",
	  "type": "BoxGeometry",
	  "width": 149.4,
	  "height": 2,
	  "depth": 80,
	  "widthSegments": 20,
	  "heightSegments": 20,
	  "depthSegments": 8
	}],
  "materials": [
	{
	  "uuid": "2DA90E35-103A-4CB8-BE84-48E89860DA46",
	  "type": "MeshPhongMaterial",
	  "color": 16721664,
	  "emissive": 0,
	  "specular": 1118481,
	  "shininess": 30,
	  "side": 2
	},
	{
	  "uuid": "3820E3B8-363C-4F95-B61E-1AF9F6D2AAB3",
	  "type": "MeshPhongMaterial",
	  "color": 16777215,
	  "emissive": 0,
	  "specular": 1118481,
	  "shininess": 30
	},
	{
	  "uuid": "62FC8ED0-08A6-40DB-A690-3D1690855409",
	  "type": "MeshPhongMaterial",
	  "color": 16777215,
	  "emissive": 0,
	  "specular": 1118481,
	  "shininess": 30
	},
	{
	  "uuid": "221A939F-202F-4459-8D29-0E6DC35DFC29",
	  "type": "MeshPhongMaterial",
	  "color": 16777215,
	  "emissive": 0,
	  "specular": 1118481,
	  "shininess": 30
	},
	{
	  "uuid": "DA4A1D72-2B77-416C-94BD-36B1C18ADE1B",
	  "type": "MeshPhongMaterial",
	  "color": 0,
	  "emissive": 0,
	  "specular": 1118481,
	  "shininess": 30
	}],
  "object": {
	"uuid": "3741222A-BD8F-401C-A5D2-5A907E891896",
	"type": "Scene",
	"name": "dropBox",
	"matrix": [1,0,0,0,0,1,0,0,0,0,1,0,0,0,0,1],
	"children": [
	  {
		"uuid": "FC5D913C-DE02-48D7-AA3C-0A3D2BE9E7EB",
		"type": "Group",
		"name": "cameraGroup",
		"matrix": [1,0,0,0,0,1,0,0,0,0,1,0,0,0,100,1],
		"children": [
		  {
			"uuid": "7A2B2C4A-7BD5-4592-B48E-A4439706930D",
			"type": "PerspectiveCamera",
			"name": "cameraRight",
			"fov": 50,
			"aspect": 1,
			"near": 1,
			"far": 10000,
			"matrix": [1,0,0,0,0,1,0,0,0,0,1,0,3,0,0,1]
		  },
		  {
			"uuid": "991CCECC-CDA8-48EC-9A94-4523879E7CAC",
			"type": "PerspectiveCamera",
			"name": "cameraLeft",
			"fov": 50,
			"aspect": 1,
			"near": 1,
			"far": 10000,
			"matrix": [1,0,0,0,0,1,0,0,0,0,1,0,-3,0,0,1]
		  }]
	  },
	  {
		"uuid": "431E1BB3-92C4-4F47-92FA-49A2C5300D79",
		"type": "PerspectiveCamera",
		"name": "cameraDebug",
		"fov": 50,
		"aspect": 1,
		"near": 1,
		"far": 10000,
		"matrix": [0.08842556923627853,0.007964850403368473,-0.9960509538650513,0,0.028485842049121857,0.9995388388633728,0.010521604679524899,0,0.9956753849983215,-0.02930372953414917,0.08815790712833405,0,246.9312286376953,0,-228.7039794921875,1]
	  },
	  {
		"uuid": "117F2B53-2D5E-4171-8AB0-185E7129018F",
		"type": "Mesh",
		"name": "projectionPlane",
		"geometry": "99E80E2E-C138-46E1-94BC-1743CCCE7FA5",
		"material": "2DA90E35-103A-4CB8-BE84-48E89860DA46",
		"matrix": [1,0,0,0,0,1,0,0,0,0,1,0,0,0,0,1]
	  },
	  {
		"uuid": "C02FADF6-7F90-4FA1-83AA-CBC134D8FDCA",
		"type": "Mesh",
		"name": "RightHand",
		"geometry": "CAE75E4C-41E9-48FB-93F9-83FC3F814B72",
		"material": "3820E3B8-363C-4F95-B61E-1AF9F6D2AAB3",
		"matrix": [1,0,0,0,0,1,0,0,0,0,1,0,22.28034782409668,0,77.2489013671875,1]
	  },
	  {
		"uuid": "62A3ED5F-C908-4C1B-A82B-5CD72385935B",
		"type": "Mesh",
		"name": "LeftHand",
		"geometry": "D6B35126-3B31-443E-A497-5A1B88FA6B5E",
		"material": "62FC8ED0-08A6-40DB-A690-3D1690855409",
		"matrix": [1,0,0,0,0,1,0,0,0,0,1,0,-24.757854461669922,0.07785893976688385,75.61945343017578,1]
	  },
	  {
		"uuid": "3A6C5B73-525E-484E-BFAD-2D75E8782100",
		"type": "Mesh",
		"name": "shadowBox",
		"geometry": "77C8DC86-CCF6-4C17-B38E-7DDAD6944834",
		"material": "221A939F-202F-4459-8D29-0E6DC35DFC29",
		"matrix": [0.9983112812042236,-0.05809119716286659,0,0,0.05809119716286659,0.9983112812042236,0,0,0,0,1,0,3.7801897525787354,29.9563045501709,-38.69133377075195,1]
	  },
	  {
		"uuid": "E4199412-1437-478B-A060-CF243BE7A068",
		"type": "Mesh",
		"name": "Table",
		"geometry": "B9DB7F0C-89A7-4EA3-847C-19B5BA31118C",
		"material": "DA4A1D72-2B77-416C-94BD-36B1C18ADE1B",
		"matrix": [1,0,0,0,0,1,0,0,0,0,1,0,0,-38.15999984741211,-22.34000015258789,1]
	  },
	  {
		"uuid": "30CE7EF9-9BE1-40E7-91EC-A8865C068480",
		"type": "SpotLight",
		"name": "lamp",
		"color": 16777215,
		"intensity": 1,
		"distance": 0,
		"angle": 1.571,
		"exponent": 1.0,
		"decay": 2,
		"matrix": [0.844062089920044,0.03994148224592209,0.5347558856010437,0,-0.5328495502471924,0.17452161014080048,0.8280178308486938,0,-0.06025419384241104,-0.9838429093360901,0.16858987510204315,0,34.28760528564453,-2.3530571460723877,-12.398695945739746,1]
	  },
	  {
		"uuid": "7A8C6C83-9CB0-4058-A6FD-53FBBFDC883A",
		"type": "AmbientLight",
		"name": "AmbientLight 1",
		"color": 7829367,
		"matrix": [1,0,0,0,0,1,0,0,0,0,1,0,0,72.44000244140625,0,1]
	  }]
  }
}